6.004273499179090257e-01
6.089743599932417872e-01
6.153846143657325518e-01
5.854166666666666963e-01
6.228070191124028820e-01
6.346153856342674482e-01
7.145833333333333481e-01
7.763157873822931210e-01
7.854166666666666519e-01
7.807017564773559570e-01
8.354166666666666963e-01
8.290598295692704900e-01
8.461538451349633894e-01
8.696581191486782991e-01
8.803418813607631899e-01
8.803418808513217009e-01
8.803418813607631899e-01
8.867521377710195774e-01
8.952991463180280940e-01
9.123931613742796154e-01
8.653846164034981747e-01
9.059829054734646059e-01
9.081196576102167350e-01
9.316239311144902668e-01
9.380341880341880323e-01
9.294871789777380267e-01
9.124999999999999778e-01
9.429824556175031569e-01
9.333333333333333481e-01
9.465811955623137930e-01
9.700854700854700807e-01
9.423076923076922906e-01
9.294871805060622716e-01
9.380341880341880323e-01
9.594017094017094349e-01
9.658119658119658224e-01
9.529914529914529364e-01
9.583333333333333703e-01
9.649122801789066228e-01
9.520833333333332815e-01
9.743589743589743390e-01
9.679487174392765736e-01
9.722222222222222099e-01
9.529914519725701805e-01
9.893162393162393542e-01
9.679487174392765736e-01
9.636752136752136932e-01
9.850427350427350959e-01
9.529914519725701805e-01
9.871794871794872250e-01
9.594017094017094349e-01
9.786324786324785974e-01
9.658119653025244444e-01
9.914529914529914834e-01
9.893162393162393542e-01
9.666666666666666741e-01
9.914529914529914834e-01
9.934210526315789824e-01
9.770833333333333037e-01
9.829059829059828557e-01
9.627192971999185556e-01
9.833333333333332815e-01
9.850427350427350959e-01
9.764957264957264682e-01
9.807692307692307265e-01
9.871794871794872250e-01
9.722222217127808319e-01
9.893162388067978652e-01
9.786324786324785974e-01
9.979166666666666741e-01
9.671052631578946901e-01
9.875000000000000444e-01
9.871794871794872250e-01
9.786324786324785974e-01
9.934210526315789824e-01
9.875000000000000444e-01
9.914529914529914834e-01
9.914529909435499944e-01
9.850427350427350959e-01
9.807692307692307265e-01
9.935897435897436125e-01
9.914529909435499944e-01
9.893162393162393542e-01
9.854166666666667185e-01
9.956140350877192846e-01
9.764957264957264682e-01
9.979166666666666741e-01
9.764957264957264682e-01
9.978632478632478708e-01
9.935897435897436125e-01
9.780701743929010039e-01
9.958333333333333481e-01
9.871794871794872250e-01
9.914529914529914834e-01
9.893162393162393542e-01
1.000000000000000000e+00
9.893162393162393542e-01
9.935897430803022345e-01
9.916666666666666963e-01
9.868421052631578538e-01
