6.793398602395994690e-01
6.791557970210018169e-01
6.719895458628988294e-01
6.764555931091308372e-01
6.554653356995499003e-01
6.358683030320029239e-01
5.588645974795023452e-01
4.733918199413700845e-01
4.490390241146087758e-01
4.610740934547625236e-01
3.963205297787984471e-01
3.831691642602284564e-01
3.415742766143929354e-01
3.110603822602165947e-01
2.964706889584532989e-01
3.016070262489155551e-01
2.854999125513256186e-01
2.664189162926796084e-01
2.565081567845792776e-01
2.106193684869342442e-01
2.783396829906691905e-01
2.248274169416509261e-01
2.161381588532374498e-01
1.798935607712492946e-01
1.764021134083597064e-01
1.715575493553764819e-01
2.163950776060422354e-01
1.513550862539232711e-01
1.691193781793117468e-01
1.482348063817391093e-01
9.489397176055826277e-02
1.577295700613504936e-01
1.558817105415539750e-01
1.446812210811508903e-01
1.184225354630213528e-01
1.022543290423022361e-01
1.251309321094782046e-01
1.048462127645810454e-01
1.063272367934124524e-01
1.131927295277515982e-01
6.787026485698854916e-02
9.099963511157239948e-02
7.856712805935078814e-02
9.949797124434740792e-02
4.104236658248636149e-02
9.884632022207619217e-02
8.729274704670295093e-02
5.159930751109734898e-02
9.894633617920753355e-02
3.300631089279285058e-02
9.748551911777919576e-02
5.311744071097455194e-02
7.439181132194323809e-02
3.201372479685606065e-02
5.308934227308720333e-02
8.606090803320208538e-02
2.311813944361658033e-02
3.022601480367021615e-02
5.104753919877112051e-02
5.205815673893333245e-02
1.011705590706122593e-01
4.896173402667045732e-02
4.137519640354519329e-02
5.899473727067820750e-02
6.782190098116795685e-02
4.152441852622561907e-02
7.546414848830965139e-02
3.401501409104491780e-02
5.308347088722591839e-02
1.154545493579159192e-02
9.209582017706054169e-02
2.893624238980313165e-02
3.638746306045442802e-02
7.615066544375677371e-02
1.779197669473656443e-02
3.988651872302095142e-02
3.606135634238768345e-02
2.665105571922583502e-02
3.554039037165542675e-02
3.964075210512194025e-02
1.523764854153761457e-02
1.536575291090859843e-02
2.637016149357152353e-02
3.055723019254704201e-02
2.224240383963517129e-02
7.213516212585899257e-02
7.992479599003369725e-03
9.509387441998363999e-02
9.892011250361289892e-03
1.496627597486785421e-02
1.116659256033272624e-01
2.143617485805104222e-02
6.988808293488577017e-02
2.574559246114272240e-02
2.323250297036466572e-02
3.649490791906276257e-03
3.391909736956610910e-02
1.485004998011212052e-02
1.776522871029252715e-02
3.117084844556653606e-02
